1.975
1.95
1.925
1.9
1.875
1.85
1.825
1.8
1.775
1.75
1.725
1.7
1.675
1.65
1.625
1.6
1.575
1.55
1.525
1.5
1.495
1.49
1.485
1.48
1.475
1.47
1.465
1.46
1.455
1.45
1.445
1.44
1.435
1.43
1.425
1.42
1.415
1.41
1.405
1.4
1.395
1.39
1.385
1.38
1.375
1.37
1.365
1.36
1.355
1.35
1.345
1.34
1.335
1.33
1.325
1.32
1.315
1.31
1.305
1.3
1.275
1.25
1.225
1.2
1.175
1.15
1.125
1.1
1.075
1.05
1.025
1.
0.975
0.95
0.925
0.9
0.875
0.85
0.825
0.8
0.775
0.75
0.725
0.7
0.675
0.65
0.625
0.6
0.575
0.55
0.525
0.5
0.475
0.45
0.425
0.4
0.375
0.35
0.325
0.3
