0	1	0.086173	7	310	800
800 1.58967e-05 0.102145 2.27468e-06 -4.0425 0 0.112138
790 1.65871e-05 0.103661 2.3658e-06 -4.0826 0 0.113509
780 1.72221e-05 0.105761 2.5229e-06 -4.2131 0 0.114935
770 1.73048e-05 0.106733 2.57704e-06 -4.25702 0 0.115567
760 1.76138e-05 0.109859 2.72223e-06 -4.47906 0 0.11909
750 1.92738e-05 0.112236 2.83871e-06 -4.62795 0 0.120325
740 2.0095e-05 0.114996 3.03684e-06 -4.77754 0 0.123723
730 2.06876e-05 0.117645 3.22329e-06 -5.00359 0 0.125929
720 2.11861e-05 0.120179 3.38712e-06 -5.21928 0 0.127922
710 2.30389e-05 0.125126 3.4915e-06 -5.48884 0 0.132733
700 2.40808e-05 0.128198 3.93388e-06 -5.79567 0 0.136664
697.143 2.39414e-05 0.128843 3.93972e-06 -5.79828 0 0.136315
694.286 2.48465e-05 0.129812 3.90971e-06 -5.91325 0 0.137125
691.429 2.45438e-05 0.130981 4.03902e-06 -5.92899 0 0.138174
688.571 2.52869e-05 0.130963 4.06294e-06 -5.97459 0 0.138617
685.714 2.60353e-05 0.132896 4.23866e-06 -6.00863 0 0.140013
682.857 2.6496e-05 0.134896 4.41096e-06 -6.13244 0 0.142422
680 2.63623e-05 0.135409 4.42895e-06 -6.1976 0 0.142237
677.143 2.69807e-05 0.136055 4.32074e-06 -6.26799 0 0.143092
674.286 2.71834e-05 0.138914 4.61462e-06 -6.41224 0 0.145177
671.429 2.76089e-05 0.140892 4.79796e-06 -6.52121 0 0.147501
668.571 2.80788e-05 0.142124 4.8536e-06 -6.73275 0 0.149609
665.714 2.87072e-05 0.141295 4.7922e-06 -6.60537 0 0.14762
662.857 2.93491e-05 0.143517 5.13639e-06 -6.659 0 0.150157
660 2.97213e-05 0.145281 5.00921e-06 -6.87302 0 0.1519
657.143 2.95243e-05 0.14822 5.19481e-06 -6.97323 0 0.154617
654.286 3.028e-05 0.147803 5.37794e-06 -7.01394 0 0.1537
651.429 3.03216e-05 0.150187 5.36073e-06 -7.10932 0 0.15673
648.571 3.13361e-05 0.152545 5.64033e-06 -7.30102 0 0.159083
645.714 3.18233e-05 0.15415 5.71109e-06 -7.3742 0 0.160015
642.857 3.24123e-05 0.156046 5.89601e-06 -7.44762 0 0.161486
640 3.3464e-05 0.157506 5.98714e-06 -7.59817 0 0.16399
637.143 3.55138e-05 0.160768 6.04726e-06 -7.73308 0 0.166795
634.286 3.54557e-05 0.163614 6.43272e-06 -7.84998 0 0.168872
631.429 3.65329e-05 0.166334 6.47607e-06 -8.0471 0 0.172259
628.571 3.6852e-05 0.167574 6.82961e-06 -8.15619 0 0.173833
625.714 3.58161e-05 0.169272 6.8797e-06 -8.24374 0 0.174862
622.857 3.87459e-05 0.172616 7.00209e-06 -8.50304 0 0.178012
620 3.81285e-05 0.175459 7.20705e-06 -8.62017 0 0.180722
617.143 3.99829e-05 0.178358 7.25145e-06 -8.69157 0 0.183488
614.286 4.102e-05 0.180353 7.46745e-06 -8.95395 0 0.186017
611.429 4.2557e-05 0.184774 7.5418e-06 -9.14343 0 0.190097
608.571 4.2343e-05 0.186712 7.99455e-06 -9.32347 0 0.191303
605.714 4.41403e-05 0.191121 8.08929e-06 -9.45366 0 0.196125
602.857 4.34827e-05 0.195081 8.4027e-06 -9.76136 0 0.199324
600 4.49948e-05 0.195921 8.49088e-06 -9.82217 0 0.199973
597.143 4.82999e-05 0.202035 8.66857e-06 -10.1355 0 0.206253
594.286 4.76081e-05 0.20444 8.81401e-06 -10.2876 0 0.208916
591.429 4.79524e-05 0.208603 9.17697e-06 -10.4273 0 0.212714
588.571 5.0823e-05 0.212387 9.358e-06 -10.7109 0 0.217031
585.714 5.25747e-05 0.21628 9.46599e-06 -10.9947 0 0.220995
582.857 5.43544e-05 0.220637 1.01381e-05 -11.1845 0 0.224798
580 5.52796e-05 0.224652 1.03136e-05 -11.5048 0 0.228517
577.143 5.7171e-05 0.231862 1.04708e-05 -11.7565 0 0.235871
574.286 5.86909e-05 0.234609 1.06784e-05 -11.9615 0 0.237854
571.429 5.97037e-05 0.239189 1.06812e-05 -12.2776 0 0.242994
568.571 6.18995e-05 0.244032 1.13312e-05 -12.6049 0 0.247215
565.714 6.3255e-05 0.248726 1.1258e-05 -12.7804 0 0.252791
562.857 6.54868e-05 0.255684 1.1319e-05 -13.2376 0 0.259147
560 6.59104e-05 0.260998 1.18888e-05 -13.517 0 0.264637
557.143 6.65735e-05 0.265649 1.14117e-05 -13.8357 0 0.269065
554.286 6.94594e-05 0.272942 1.19519e-05 -14.3135 0 0.276132
551.429 7.05052e-05 0.279752 1.21514e-05 -14.5616 0 0.283531
548.571 7.04234e-05 0.28604 1.18079e-05 -15.0315 0 0.28926
545.714 7.40166e-05 0.29079 1.21849e-05 -15.2869 0 0.293858
542.857 7.6833e-05 0.300644 1.2217e-05 -15.8456 0 0.304232
540 7.70852e-05 0.304239 1.22854e-05 -16.1353 0 0.307482
537.143 8.14697e-05 0.312252 1.26086e-05 -16.589 0 0.315536
534.286 8.12733e-05 0.319253 1.16475e-05 -17.0091 0 0.322001
531.429 8.19868e-05 0.327169 1.20426e-05 -17.4834 0 0.330098
528.571 8.54341e-05 0.334024 1.17184e-05 -17.8384 0 0.337068
525.714 8.52529e-05 0.341275 1.2294e-05 -18.3624 0 0.344064
522.857 8.35784e-05 0.347568 1.1661e-05 -18.7191 0 0.349898
520 8.44045e-05 0.356249 1.12784e-05 -19.3901 0 0.358885
517.143 8.83361e-05 0.364307 1.09859e-05 -19.8516 0 0.366729
514.286 9.29621e-05 0.368521 1.16843e-05 -20.201 0 0.371176
511.429 9.14819e-05 0.378396 1.1332e-05 -20.7676 0 0.381668
508.571 8.84908e-05 0.384511 1.04679e-05 -21.2184 0 0.387196
505.714 9.44796e-05 0.392707 1.04287e-05 -21.7895 0 0.395358
502.857 9.38861e-05 0.398079 1.05196e-05 -22.2326 0 0.401092
500 9.19739e-05 0.405265 1.02065e-05 -22.6348 0 0.407453
490 9.48042e-05 0.429859 8.89282e-06 -24.4112 0 0.432469
480 9.37984e-05 0.455796 8.09736e-06 -26.3258 0 0.458315
470 9.63128e-05 0.478601 7.56531e-06 -28.2425 0 0.481134
460 9.20996e-05 0.499861 6.62584e-06 -29.9827 0 0.502412
450 9.02333e-05 0.521119 5.89315e-06 -31.6703 0 0.523555
440 9.15164e-05 0.540889 5.4698e-06 -33.3448 0 0.54306
430 9.47789e-05 0.559262 5.07185e-06 -35.0896 0 0.56124
420 8.94352e-05 0.577684 4.66166e-06 -36.7985 0 0.580164
410 8.60334e-05 0.593772 4.08343e-06 -38.3626 0 0.596184
400 8.80577e-05 0.610984 3.92946e-06 -40.08 0 0.613335
390 8.71874e-05 0.627555 3.51932e-06 -41.7133 0 0.629997
380 8.5696e-05 0.641784 3.2532e-06 -43.209 0 0.643469
370 8.37013e-05 0.657003 2.91747e-06 -44.7641 0 0.659242
360 8.5073e-05 0.670446 2.8382e-06 -46.2534 0 0.672686
350 8.38379e-05 0.684774 2.51308e-06 -47.726 0 0.686713
340 8.53507e-05 0.697097 2.54044e-06 -49.1131 0 0.699104
330 8.0763e-05 0.709368 2.18937e-06 -50.5085 0 0.711195
320 8.43784e-05 0.721605 2.14185e-06 -51.9112 0 0.723307
310 8.12894e-05 0.733948 1.93096e-06 -53.3507 0 0.735807
