2.75
2.725
2.7
2.675
2.65
2.625
2.6125
2.6
2.5875
2.575
2.5625
2.55
2.5375
2.525
2.5125
2.5
2.49166667
2.48333333
2.475
2.46666667
2.45833333
2.45
2.44166667
2.43333333
2.425
2.41666667
2.40833333
2.4
2.39166667
2.38333333
2.375
2.36875
2.3625
2.35625
2.35
2.34375
2.3375
2.33125
2.325
2.31875
2.3125
2.30625
2.3
2.29375
2.2875
2.28125
2.275
2.26875
2.2625
2.25625
2.25
2.24375
2.2375
2.23125
2.225
2.21875
2.2125
2.20625
2.2
2.19375
2.1875
2.18125
2.175
2.16875
2.1625
2.15625
2.15
2.14375
2.1375
2.13125
2.125
2.11666667
2.10833333
2.1
2.09166667
2.08333333
2.075
2.06666667
2.05833333
2.05
2.04166667
2.03333333
2.025
2.01666667
2.00833333
2.
1.9875
1.975
1.9625
1.95
1.9375
1.925
1.9125
1.9
1.8875
1.875
1.85
1.825
1.8
1.775
