800
790
780
770
760
750
740
730
720
710
700
697.1428571428571
694.2857142857143
691.4285714285714
688.5714285714286
685.7142857142857
682.8571428571429
680
677.1428571428571
674.2857142857143
671.4285714285714
668.5714285714286
665.7142857142857
662.8571428571429
660
657.1428571428571
654.2857142857143
651.4285714285714
648.5714285714286
645.7142857142857
642.8571428571429
640
637.1428571428571
634.2857142857143
631.4285714285714
628.5714285714286
625.7142857142857
622.8571428571429
620
617.1428571428571
614.2857142857143
611.4285714285714
608.5714285714286
605.7142857142857
602.8571428571429
600
597.1428571428571
594.2857142857143
591.4285714285714
588.5714285714286
585.7142857142857
582.8571428571429
580
577.1428571428571
574.2857142857143
571.4285714285714
568.5714285714286
565.7142857142857
562.8571428571429
560
557.1428571428571
554.2857142857143
551.4285714285714
548.5714285714286
545.7142857142857
542.8571428571429
540
537.1428571428571
534.2857142857143
531.4285714285714
528.5714285714286
525.7142857142857
522.8571428571429
520
517.1428571428571
514.2857142857143
511.42857142857144
508.57142857142856
505.7142857142857
502.85714285714283
500
490
480
470
460
450
440
430
420
410
400
390
380
370
360
350
340
330
320
310
