900.
894.
888.
882.
876.
870.
864.
858.
852.
846.
840.
834.
828.
822.
816.
810.
804.
798.
792.
786.
780.
774.
768.
762.
756.
750.
744.
738.
732.
726.
720.
714.
708.
702.
696.
690.
684.
678.
672.
666.
660.
654.
648.
642.
636.
630.
624.
618.
612.
606.
600.
594.
588.
582.
576.
570.
564.
558.
552.
546.
540.
534.
528.
522.
516.
510.
504.
498.
492.
486.
480.
474.
468.
462.
456.
450.
444.
438.
432.
426.
420.
414.
408.
402.
396.
390.
384.
378.
372.
366.
360.
354.
348.
342.
336.
330.
324.
318.
312.
306.
