800
780
760
740
720
700
694.2857142857143
688.5714285714286
682.8571428571429
677.1428571428571
671.4285714285714
665.7142857142857
660
654.2857142857143
648.5714285714286
642.8571428571429
637.1428571428571
631.4285714285714
625.7142857142857
620
614.2857142857143
608.5714285714286
602.8571428571429
597.1428571428571
591.4285714285714
585.7142857142857
580
574.2857142857143
568.5714285714286
562.8571428571429
557.1428571428571
551.4285714285714
545.7142857142857
540
534.2857142857143
528.5714285714286
522.8571428571429
517.1428571428571
511.42857142857144
505.7142857142857
500
480
460
440
420
400
380
360
340
320
