1.5
1.49313131
1.48626263
1.47939394
1.47252525
1.46565657
1.45878788
1.45191919
1.44505051
1.43818182
1.43131313
1.42444444
1.41757576
1.41070707
1.40383838
1.3969697
1.39010101
1.38323232
1.37636364
1.36949495
1.36262626
1.35575758
1.34888889
1.3420202
1.33515152
1.32828283
1.32141414
1.31454545
1.30767677
1.30080808
1.29393939
1.28707071
1.28020202
1.27333333
1.26646465
1.25959596
1.25272727
1.24585859
1.2389899
1.23212121
1.22525253
1.21838384
1.21151515
1.20464646
1.19777778
1.19090909
1.1840404
1.17717172
1.17030303
1.16343434
1.15656566
1.14969697
1.14282828
1.1359596
1.12909091
1.12222222
1.11535354
1.10848485
1.10161616
1.09474747
1.08787879
1.0810101
1.07414141
1.06727273
1.06040404
1.05353535
1.04666667
1.03979798
1.03292929
1.02606061
1.01919192
1.01232323
1.00545455
0.99858586
0.99171717
0.98484848
0.9779798
0.97111111
0.96424242
0.95737374
0.95050505
0.94363636
0.93676768
0.92989899
0.9230303
0.91616162
0.90929293
0.90242424
0.89555556
0.88868687
0.88181818
0.87494949
0.86808081
0.86121212
0.85434343
0.84747475
0.84060606
0.83373737
0.82686869
0.82
