1.2
1.193
1.186
1.179
1.172
1.165
1.158
1.151
1.144
1.137
1.13
1.123
1.116
1.109
1.102
1.095
1.088
1.081
1.074
1.067
1.06
1.053
1.046
1.039
1.032
1.025
1.018
1.011
1.004
0.997
0.99
0.983
0.976
0.969
0.962
0.955
0.948
0.941
0.934
0.927
0.92
0.913
0.906
0.899
0.892
0.885
0.878
0.871
0.864
0.857
0.85
0.843
0.836
0.829
0.822
0.815
0.808
0.801
0.794
0.787
0.78
0.773
0.766
0.759
0.752
0.745
0.738
0.731
0.724
0.717
0.71
0.703
0.696
0.689
0.682
0.675
0.668
0.661
0.654
0.647
0.64
0.633
0.626
0.619
0.612
0.605
0.598
0.591
0.584
0.577
0.57
0.563
0.556
0.549
0.542
0.535
0.528
0.521
0.514
0.507
